Filetype: IR signals file
Version: 1
# 
name: Light1
type: raw
frequency: 38000
duty_cycle: 0.330000
data: 1301 378 1326 350 484 1187 514 1162 513 1163 487 1189 487 1190 486 1190 486 1191 484 1193 482 1216 458 7922 1297 380 1295 381 453 1222 454 1222 453 1223 1295 381 1295 381 1295 381 1295 381 1295 381 1295 381 1295 7086 1295 381 1295 381 453 1223 453 1223 453 1223 453 1223 453 1223 453 1223 1295 381 453 1223 453 1223 453 7930 1295 381 1295 381 453 1223 453 1223 453 1224 453 1224 452 1224 452 1224 1295 381 453 1224 452 1224 452 7931 1295 382 1294 382 452 1224 452 1224 452 1224 452 1224 452 1224 452 1224 1295 382 452 1224 452 1224 452 7930 1293 382 1294 382 452 1224 452 1224 452 1224 452 1224 452 1224 452 1224 1294 382 452 1224 452 1224 452 7931 1294 382 1294 383 451 1225 451 1225 452 1224 452 1224 452 1225 451 1225 1294 383 451 1225 451 1225 451 7932 1293 383 1293 383 451 1225 451 1225 451 1225 451 1225 451 1225 451 1225 1293 383 451 1225 451 1225 451
# 
name: Light0
type: raw
frequency: 38000
duty_cycle: 0.330000
data: 1329 348 1326 374 459 1191 485 1191 485 1192 484 1193 483 1194 482 1195 481 1219 457 1220 456 1221 455 7929 1297 380 1296 381 453 1223 453 1223 453 1223 1296 381 1296 381 1295 381 1296 381 1296 381 1295 381 1296 7090 1295 381 1295 381 453 1224 453 1224 453 1224 453 1223 1296 381 453 1224 453 1224 453 1224 453 1224 453 7933 1296 382 1294 382 452 1224 453 1224 453 1225 452 1224 1295 382 452 1224 453 1224 453 1224 453 1225 452 7933 1296 382 1295 381 453 1224 453 1225 452 1224 453 1224 1296 382 453 1224 453 1224 453 1224 453 1224 453 7935 1295 382 1295 381 453 1224 453 1224 453 1224 453 1224 1296 382 452 1224 453 1224 453 1224 453 1224 453 7934 1296 382 1295 382 452 1224 453 1224 453 1225 452 1225 1295 382 452 1225 452 1225 452 1225 452 1225 452 7935 1295 383 1294 383 452 1225 452 1225 452 1226 451 1225 1295 383 451 1226 451 1226 451 1226 451 1226 451 7935 1294 383 1294 383 451 1226 451 1226 451 1226 451 1226 1294 384 450 1226 451 1226 451 1226 451 1226 451 7935 1293 384 1293 384 450 1227 450 1227 450 1227 450 1227 1292 385 449 1227 450 1251 426 1228 449 1251 425
# 
name: Vent_high
type: raw
frequency: 38000
duty_cycle: 0.330000
data: 1328 374 1301 375 459 1193 483 1194 482 1196 480 1219 457 1220 456 1221 456 1221 455 1222 454 1222 455 7933 1296 381 1296 381 454 1223 454 1223 454 1223 1297 381 1296 381 1296 381 1296 381 1297 381 1297 381 1297 7092 1297 381 1296 381 454 1224 454 1223 454 1224 454 1224 453 1224 453 1224 454 1224 453 1224 454 1224 1296 7094 1295 382 1296 382 452 1225 453 1225 453 1224 453 1225 452 1225 453 1225 452 1225 453 1225 452 1225 1295 7093 1296 383 1295 383 451 1225 452 1226 452 1226 451 1226 452 1226 451 1226 452 1226 451 1226 452 1226 1295 7097 1292 409 1269 385 449 1227 450 1228 449 1227 450 1227 450 1252 425 1228 449 1251 427 1252 426 1252 1268 7121 1268 409 1269 409 425 1252 425 1252 425 1252 426 1252 426 1252 425 1252 426 1252 425 1252 425 1252 1269 7122 1268 409 1268 409 426 1252 425 1252 425 1252 425 1252 426 1252 425 1253 425 1252 425 1253 425 1252 1269 7121 1268 409 1268 410 424 1252 425 1252 425 1252 425 1252 426 1252 425 1252 426 1252 425 1252 425 1252 1269 7121 1268 410 1268 410 424 1253 424 1253 425 1253 424 1253 424 1253 424 1253 424 1253 424 1253 425 1253 1268
# 
name: Vent_med
type: raw
frequency: 38000
duty_cycle: 0.330000
data: 1355 341 1312 373 460 1190 486 1191 486 1192 485 1193 484 1193 484 1194 483 1196 481 1219 458 1220 457 7934 1298 380 1297 381 453 1224 454 1224 454 1224 1297 381 1297 381 1296 381 1296 381 1297 381 1296 381 1297 7093 1296 381 1297 381 453 1224 454 1224 454 1223 454 1224 454 1223 454 1223 454 1223 1297 381 454 1223 454 7936 1296 381 1297 381 454 1224 454 1224 453 1224 453 1224 454 1223 455 1223 454 1223 1297 381 453 1224 454 7934 1297 381 1297 381 454 1224 453 1224 454 1224 453 1224 454 1224 454 1224 454 1224 1297 382 453 1224 453 7939 1296 382 1296 382 453 1225 453 1225 453 1225 453 1225 453 1225 453 1225 453 1225 1295 382 453 1225 453 7939 1294 385 1293 408 427 1229 449 1252 426 1252 426 1252 426 1252 426 1252 426 1252 1269 410 425 1252 426 7966 1269 409 1269 410 425 1252 426 1252 426 1252 426 1252 426 1252 425 1252 425 1252 1269 409 426 1252 426 7965 1269 409 1269 409 425 1252 426 1252 426 1252 426 1252 426 1252 426 1251 427 1252 1269 409 426 1252 426 7965 1269 409 1269 409 426 1252 426 1252 426 1252 426 1252 426 1252 426 1252 426 1252 1269 409 425 1252 426
# 
name: Vent_low
type: raw
frequency: 38000
duty_cycle: 0.330000
data: 1330 374 1302 375 459 1193 484 1195 482 1195 482 1219 458 1220 457 1221 456 1221 456 1221 456 1222 455 7935 1297 380 1297 380 454 1223 454 1223 455 1223 1297 381 1296 381 1297 380 1297 381 1296 381 1296 381 1297 7091 1297 381 1296 381 453 1224 454 1224 453 1224 1296 381 454 1224 453 1224 453 1224 453 1224 1296 382 1296 7094 1296 381 1297 381 453 1225 453 1225 453 1225 1296 382 453 1225 453 1224 454 1225 453 1225 1296 382 1295 7093 1296 382 1296 382 453 1225 453 1225 453 1225 1296 382 453 1224 453 1225 453 1225 453 1225 1296 382 1296 7096 1296 382 1296 383 452 1225 453 1226 452 1226 1295 383 452 1225 453 1226 451 1225 452 1226 1295 383 1295 7097 1295 383 1295 384 451 1226 452 1226 452 1226 1295 383 452 1226 452 1226 452 1226 452 1226 1295 383 1295 7096 1295 383 1295 384 451 1226 452 1226 452 1226 1294 384 451 1226 451 1226 452 1226 452 1226 1294 384 1294 7096 1295 384 1294 384 451 1226 452 1226 452 1227 1294 384 451 1226 452 1227 451 1227 451 1227 1294 385 1293 7098 1293 408 1270 409 426 1228 450 1228 450 1227 1294 385 450 1228 449 1228 450 1228 450 1227 1294 385 1293
# 
name: Vent_off
type: raw
frequency: 38000
duty_cycle: 0.330000
data: 1332 373 1302 374 460 1191 486 1192 485 1193 484 1194 483 1196 482 1197 480 1220 457 1221 456 1222 455 7936 1298 379 1299 380 455 1223 455 1223 454 1223 1297 380 1298 380 1298 380 1298 380 1298 380 1298 380 1298 7092 1298 380 1298 380 455 1223 454 1223 454 1223 454 1223 455 1223 1297 380 455 1223 454 1223 454 1223 455 7935 1298 381 1297 381 454 1223 455 1223 454 1223 455 1223 454 1223 1298 380 455 1223 454 1223 454 1223 455 7935 1297 380 1297 381 454 1223 454 1223 455 1223 455 1223 455 1223 1298 380 455 1223 454 1224 454 1223 455 7936 1297 380 1298 381 454 1223 455 1223 455 1223 455 1224 454 1223 1298 380 455 1223 454 1223 455 1224 454 7936 1298 380 1297 381 454 1224 454 1224 454 1224 454 1224 454 1224 1297 381 454 1224 454 1224 454 1224 454 7938 1297 381 1297 381 454 1224 454 1224 454 1224 454 1224 454 1224 1297 381 454 1225 453 1224 454 1224 454 7939 1296 381 1297 382 453 1225 453 1225 453 1225 453 1225 453 1225 1296 383 452 1226 452 1226 452 1226 452 7941 1294 408 1270 408 427 1252 426 1252 426 1251 426 1252 426 1252 1269 409 425 1253 425 1253 425 1253 425
